
--- Ensemble ---
Precision: 0.9227850038789004
Recall: 0.9195714285714286
F1-score: 0.919224073152313
Accuracy: 0.9195714285714286
